	质量 A	
t	x	
0.000	3.101E-2
0.033	3.098E-2
0.067	3.098E-2
0.100	3.097E-2
0.134	3.096E-2
0.167	3.095E-2
0.201	3.096E-2
0.234	3.094E-2
0.267	3.094E-2
0.301	3.094E-2
0.334	3.095E-2
0.368	3.095E-2
0.401	3.096E-2
0.435	3.096E-2
0.468	3.097E-2
0.501	3.099E-2
0.535	3.098E-2
0.568	3.099E-2
0.602	3.100E-2
0.635	3.101E-2
0.669	3.102E-2
0.702	3.102E-2
0.735	3.104E-2
0.769	3.104E-2
0.802	3.104E-2
0.836	3.105E-2
0.869	3.105E-2
0.903	3.105E-2
0.936	3.105E-2
0.969	3.105E-2
1.003	3.104E-2
1.036	3.104E-2
1.070	3.103E-2
1.103	3.101E-2
1.137	3.101E-2
1.170	3.101E-2
1.203	3.100E-2
1.237	3.100E-2
1.270	3.100E-2
1.304	3.098E-2
1.337	3.097E-2
1.371	3.097E-2
1.404	3.097E-2
1.437	3.097E-2
1.471	3.094E-2
1.504	3.094E-2
1.538	3.094E-2
1.571	3.095E-2
1.605	3.095E-2
1.638	3.094E-2
1.671	3.095E-2
1.705	3.095E-2
1.738	3.096E-2
1.772	3.097E-2
1.805	3.098E-2
1.839	3.099E-2
1.872	3.099E-2
1.906	3.102E-2
1.939	3.101E-2
1.972	3.101E-2
2.006	3.103E-2
2.039	3.103E-2
2.073	3.103E-2
2.106	3.105E-2
2.140	3.105E-2
2.173	3.105E-2
2.206	3.104E-2
2.240	3.105E-2
2.273	3.105E-2
2.307	3.104E-2
2.340	3.103E-2
2.374	3.104E-2
2.407	3.102E-2
2.440	3.101E-2
2.474	3.101E-2
2.507	3.100E-2
2.541	3.101E-2
2.574	3.099E-2
2.608	3.098E-2
2.641	3.096E-2
2.674	3.097E-2
2.708	3.095E-2
2.741	3.095E-2
2.775	3.095E-2
2.808	3.095E-2
2.842	3.094E-2
2.875	3.093E-2
2.908	3.093E-2
2.942	3.094E-2
2.975	3.095E-2
3.009	3.095E-2
3.042	3.096E-2
3.076	3.096E-2
3.109	3.098E-2
3.142	3.099E-2
3.176	3.099E-2
3.209	3.100E-2
3.243	3.101E-2
3.276	3.101E-2
3.310	3.102E-2
3.343	3.103E-2
3.376	3.103E-2
3.410	3.103E-2
3.443	3.105E-2
3.477	3.106E-2
3.510	3.107E-2
3.544	3.107E-2
3.577	3.108E-2
3.610	3.109E-2
3.644	3.107E-2
3.677	3.105E-2
3.711	3.105E-2
3.744	3.104E-2
3.778	3.102E-2
3.811	3.100E-2
3.844	3.098E-2
3.878	3.096E-2
3.911	3.093E-2
3.945	3.090E-2
3.978	3.086E-2
4.012	3.081E-2
4.045	3.066E-2
4.078	3.057E-2
4.112	3.047E-2
4.145	3.035E-2
4.179	3.027E-2
4.212	3.019E-2
4.246	3.007E-2
4.279	2.998E-2
4.312	2.995E-2
4.346	2.993E-2
4.379	2.984E-2
4.413	2.981E-2
4.446	2.980E-2
4.480	2.981E-2
4.513	2.984E-2
4.546	2.987E-2
4.580	2.989E-2
4.613	2.999E-2
4.647	3.011E-2
4.680	3.023E-2
4.714	3.033E-2
4.747	3.048E-2
4.780	3.065E-2
4.814	3.084E-2
4.847	3.093E-2
4.881	3.106E-2
4.914	3.113E-2
4.948	3.120E-2
4.981	3.129E-2
5.014	3.134E-2
5.048	3.135E-2
5.081	3.136E-2
5.115	3.134E-2
5.148	3.130E-2
5.182	3.128E-2
5.215	3.122E-2
5.248	3.113E-2
5.282	3.097E-2
5.315	3.083E-2
5.349	3.058E-2
5.382	3.037E-2
5.416	3.013E-2
5.449	2.990E-2
5.483	2.967E-2
5.516	2.950E-2
5.549	2.928E-2
5.583	2.907E-2
5.616	2.894E-2
5.650	2.880E-2
5.683	2.876E-2
5.717	2.873E-2
5.750	2.875E-2
5.783	2.878E-2
5.817	2.883E-2
5.850	2.886E-2
5.884	2.892E-2
5.917	2.903E-2
5.951	2.917E-2
5.984	2.936E-2
6.017	2.961E-2
6.051	2.979E-2
6.084	3.003E-2
6.118	3.027E-2
6.151	3.050E-2
6.185	3.071E-2
6.218	3.093E-2
6.251	3.108E-2
6.285	3.119E-2
6.318	3.133E-2
6.352	3.140E-2
6.385	3.140E-2
6.419	3.139E-2
6.452	3.134E-2
6.485	3.127E-2
6.519	3.119E-2
6.552	3.107E-2
6.586	3.089E-2
6.619	3.067E-2
6.653	3.039E-2
6.686	3.009E-2
6.719	2.981E-2
6.753	2.950E-2
6.786	2.921E-2
6.820	2.892E-2
6.853	2.869E-2
6.887	2.847E-2
6.920	2.827E-2
6.953	2.812E-2
6.987	2.804E-2
7.020	2.794E-2
7.054	2.792E-2
7.087	2.796E-2
7.121	2.798E-2
7.154	2.806E-2
7.187	2.815E-2
7.221	2.838E-2
7.254	2.858E-2
7.288	2.879E-2
7.321	2.910E-2
7.355	2.939E-2
7.388	2.973E-2
7.421	3.004E-2
7.455	3.035E-2
7.488	3.063E-2
7.522	3.092E-2
7.555	3.117E-2
7.589	3.139E-2
7.622	3.151E-2
7.655	3.166E-2
7.689	3.171E-2
7.722	3.170E-2
7.756	3.167E-2
7.789	3.161E-2
7.823	3.154E-2
7.856	3.144E-2
7.889	3.122E-2
7.923	3.104E-2
7.956	3.077E-2
7.990	3.047E-2
8.023	3.017E-2
8.057	2.986E-2
8.090	2.955E-2
8.123	2.925E-2
8.157	2.900E-2
8.190	2.875E-2
8.224	2.858E-2
8.257	2.842E-2
8.291	2.824E-2
8.324	2.816E-2
8.357	2.815E-2
8.391	2.817E-2
8.424	2.822E-2
8.458	2.828E-2
8.491	2.837E-2
8.525	2.852E-2
8.558	2.871E-2
8.591	2.888E-2
8.625	2.917E-2
8.658	2.945E-2
8.692	2.975E-2
8.725	3.006E-2
8.759	3.034E-2
8.792	3.069E-2
8.825	3.098E-2
8.859	3.118E-2
8.892	3.138E-2
8.926	3.155E-2
8.959	3.170E-2
8.993	3.177E-2
9.026	3.186E-2
9.060	3.189E-2
9.093	3.186E-2
9.126	3.181E-2
9.160	3.170E-2
9.193	3.150E-2
9.227	3.132E-2
9.260	3.109E-2
9.294	3.081E-2
9.327	3.046E-2
9.360	3.019E-2
9.394	2.986E-2
9.427	2.958E-2
9.461	2.932E-2
9.494	2.907E-2
9.528	2.889E-2
9.561	2.872E-2
9.594	2.855E-2
9.628	2.848E-2
9.661	2.846E-2
9.695	2.848E-2
9.728	2.851E-2
9.762	2.857E-2
9.795	2.865E-2
9.828	2.875E-2
9.862	2.896E-2
9.895	2.915E-2
9.929	2.942E-2
9.962	2.970E-2
9.996	3.000E-2
10.029	3.032E-2
10.062	3.063E-2
10.096	3.095E-2
10.129	3.116E-2
10.163	3.136E-2
10.196	3.153E-2
10.230	3.177E-2
10.263	3.191E-2
10.296	3.198E-2
10.330	3.202E-2
10.363	3.199E-2
10.397	3.196E-2
10.430	3.190E-2
10.464	3.183E-2
10.497	3.169E-2
10.530	3.146E-2
10.564	3.118E-2
10.597	3.101E-2
10.631	3.074E-2
10.664	3.044E-2
10.698	3.016E-2
10.731	2.987E-2
10.764	2.958E-2
10.798	2.933E-2
10.831	2.909E-2
10.865	2.892E-2
10.898	2.878E-2
10.932	2.875E-2
10.965	2.872E-2
10.998	2.863E-2
11.032	2.863E-2
11.065	2.866E-2
11.099	2.871E-2
11.132	2.879E-2
11.166	2.899E-2
11.199	2.918E-2
11.232	2.943E-2
11.266	2.974E-2
11.299	3.002E-2
11.333	3.032E-2
11.366	3.062E-2
11.400	3.095E-2
11.433	3.117E-2
11.466	3.141E-2
11.500	3.160E-2
11.533	3.177E-2
11.567	3.193E-2
11.600	3.202E-2
11.634	3.204E-2
11.667	3.201E-2
11.700	3.197E-2
11.734	3.192E-2
11.767	3.184E-2
11.801	3.178E-2
11.834	3.159E-2
11.868	3.138E-2
11.901	3.111E-2
11.934	3.087E-2
11.968	3.059E-2
12.001	3.035E-2
12.035	3.011E-2
12.068	2.982E-2
12.102	2.957E-2
12.135	2.934E-2
12.168	2.918E-2
12.202	2.903E-2
12.235	2.895E-2
12.269	2.888E-2
12.302	2.884E-2
12.336	2.886E-2
12.369	2.889E-2
12.402	2.894E-2
12.436	2.903E-2
12.469	2.917E-2
12.503	2.937E-2
12.536	2.967E-2
12.570	2.994E-2
12.603	3.017E-2
12.637	3.044E-2
12.670	3.076E-2
12.703	3.100E-2
12.737	3.119E-2
12.770	3.144E-2
12.804	3.166E-2
12.837	3.177E-2
12.871	3.193E-2
12.904	3.202E-2
12.937	3.205E-2
12.971	3.203E-2
13.004	3.199E-2
13.038	3.193E-2
13.071	3.187E-2
13.105	3.178E-2
13.138	3.165E-2
13.171	3.141E-2
13.205	3.116E-2
13.238	3.091E-2
13.272	3.067E-2
13.305	3.039E-2
13.339	3.013E-2
13.372	2.987E-2
13.405	2.960E-2
13.439	2.935E-2
13.472	2.923E-2
13.506	2.908E-2
13.539	2.899E-2
13.573	2.888E-2
13.606	2.885E-2
13.639	2.887E-2
13.673	2.890E-2
13.706	2.896E-2
13.740	2.903E-2
13.773	2.924E-2
13.807	2.943E-2
13.840	2.966E-2
13.873	2.995E-2
13.907	3.026E-2
13.940	3.051E-2
13.974	3.079E-2
14.007	3.104E-2
14.041	3.125E-2
14.074	3.148E-2
14.107	3.172E-2
14.141	3.184E-2
14.174	3.199E-2
14.208	3.206E-2
14.241	3.207E-2
14.275	3.214E-2
14.308	3.217E-2
14.341	3.213E-2
14.375	3.207E-2
14.408	3.199E-2
14.442	3.183E-2
14.475	3.163E-2
14.509	3.137E-2
14.542	3.115E-2
14.575	3.086E-2
14.609	3.058E-2
14.642	3.036E-2
14.676	3.012E-2
14.709	2.986E-2
14.743	2.963E-2
14.776	2.941E-2
14.809	2.931E-2
14.843	2.915E-2
14.876	2.908E-2
14.910	2.907E-2
14.943	2.910E-2
14.977	2.915E-2
15.010	2.923E-2
15.043	2.930E-2
15.077	2.940E-2
15.110	2.963E-2
15.144	2.979E-2
15.177	3.004E-2
15.211	3.033E-2
15.244	3.058E-2
15.277	3.091E-2
15.311	3.116E-2
15.344	3.138E-2
15.378	3.160E-2
15.411	3.180E-2
15.445	3.199E-2
15.478	3.206E-2
15.511	3.213E-2
15.545	3.221E-2
15.578	3.222E-2
15.612	3.221E-2
15.645	3.218E-2
15.679	3.211E-2
15.712	3.203E-2
15.745	3.187E-2
15.779	3.163E-2
15.812	3.141E-2
15.846	3.116E-2
15.879	3.091E-2
15.913	3.063E-2
15.946	3.040E-2
15.979	3.014E-2
16.013	2.988E-2
16.046	2.968E-2
16.080	2.953E-2
16.113	2.937E-2
16.147	2.930E-2
16.180	2.917E-2
16.214	2.914E-2
16.247	2.914E-2
16.280	2.917E-2
16.314	2.923E-2
16.347	2.931E-2
16.381	2.942E-2
16.414	2.963E-2
16.448	2.980E-2
16.481	3.004E-2
16.514	3.031E-2
16.548	3.056E-2
16.581	3.090E-2
16.615	3.115E-2
16.648	3.132E-2
16.682	3.152E-2
16.715	3.175E-2
16.748	3.186E-2
16.782	3.200E-2
16.815	3.207E-2
16.849	3.210E-2
16.882	3.215E-2
16.916	3.216E-2
16.949	3.214E-2
16.982	3.209E-2
17.016	3.199E-2
17.049	3.185E-2
17.083	3.164E-2
17.116	3.145E-2
17.150	3.118E-2
17.183	3.098E-2
17.216	3.070E-2
17.250	3.043E-2
17.283	3.019E-2
17.317	2.994E-2
17.350	2.971E-2
17.384	2.955E-2
17.417	2.941E-2
17.450	2.933E-2
17.484	2.918E-2
17.517	2.916E-2
17.551	2.916E-2
17.584	2.920E-2
